"","C_emp","E_emp","X_emp","A_emp","O_emp","H_emp","A_distilroberta","C_distilroberta","H_distilroberta","O_distilroberta","X_distilroberta","E_distilroberta","A_miniLM","C_miniLM","H_miniLM","O_miniLM","X_miniLM","E_miniLM","A_mpnet","C_mpnet","H_mpnet","O_mpnet","X_mpnet","E_mpnet","H_t5","C_t5","O_t5","A_t5","X_t5","E_t5","A_psych","O_psych","H_psych","C_psych","E_psych","X_psych","C_use_dan","H_use_dan","A_use_dan","O_use_dan","E_use_danX_use_dan","ML2_item_t5","A_avg_trans","X_avg_trans","C_avg_trans","H_avg_trans","O_avg_trans","E_avg_trans"
"C_emp",1,0.401,0.4,0.019,-0.019,0.151,1,0.534,0.643,0.668,0.672,0.421,1,0.534,0.643,0.668,0.672,0.421,1,0.534,0.643,0.668,0.672,0.421,1,0.965,0.943,0.901,0.682,0.586,1,0.687,0.7,0.467,0.627,0.198,1,0.913,0.916,0.905,0.9,0.36,1,0.621,0.624,0.799,0.667,0.59
"E_emp",0.401,1,-0.25,0.027,0.103,0.271,0.534,1,0.504,0.706,0.611,0.684,0.534,1,0.504,0.706,0.611,0.684,0.534,1,0.504,0.706,0.611,0.684,0.965,1,0.976,0.939,0.686,0.57,0.687,1,0.649,0.316,0.595,0.115,0.913,1,0.874,0.83,0.816,0.498,0.621,1,0.827,0.591,0.751,0.573
"X_emp",0.4,-0.25,1,-0.081,0.091,-0.094,0.643,0.504,1,0.654,0.439,0.54,0.643,0.504,1,0.654,0.439,0.54,0.643,0.504,1,0.654,0.439,0.54,0.943,0.976,1,0.972,0.588,0.452,0.7,0.649,1,0.172,0.574,-0.046,0.916,0.874,1,0.945,0.928,0.191,0.624,0.827,1,0.582,0.693,0.612
"A_emp",0.019,0.027,-0.081,1,0.164,-0.312,0.668,0.706,0.654,1,0.641,0.672,0.668,0.706,0.654,1,0.641,0.672,0.668,0.706,0.654,1,0.641,0.672,0.901,0.939,0.972,1,0.438,0.292,0.467,0.316,0.172,1,-0.043,0.688,0.905,0.83,0.945,1,0.927,0.117,0.799,0.591,0.582,1,0.763,0.293
"O_emp",-0.019,0.103,0.091,0.164,1,-0.406,0.672,0.611,0.439,0.641,1,0.312,0.672,0.611,0.439,0.641,1,0.312,0.672,0.611,0.439,0.641,1,0.312,0.682,0.686,0.588,0.438,1,0.974,0.627,0.595,0.574,-0.043,1,-0.322,0.9,0.816,0.928,0.927,1,0.067,0.667,0.751,0.693,0.763,1,0.31
"H_emp",0.151,0.271,-0.094,-0.312,-0.406,1,0.421,0.684,0.54,0.672,0.312,1,0.421,0.684,0.54,0.672,0.312,1,0.421,0.684,0.54,0.672,0.312,1,0.586,0.57,0.452,0.292,0.974,1,0.198,0.115,-0.046,0.688,-0.322,1,0.36,0.498,0.191,0.117,0.067,1,0.59,0.573,0.612,0.293,0.31,1
