"","C_emp","E_emp","X_emp","A_emp","O_emp","H_emp","E_distilrobertaA_distilroberta","O_distilroberta","H_distilroberta","X_distilroberta","C_distilroberta","ML2_item_distilroberta","C_miniLM","O_miniLM","X_miniLM","H_miniLM","A_miniLM","E_miniLM","C_mpnet","X_mpnet","A_mpnet","H_mpnet","O_mpnet","E_mpnet","A_t5","O_t5","C_t5","H_t5","E_t5X_t5","ML2_item_t5","A_psych","H_psych","C_psych","O_psych","X_psych","E_psych","A_use_dan","C_use_dan","H_use_dan","X_use_danO_use_dan","E_use_dan","ML3_item_use_dan","X_avg_trans","C_avg_trans","A_avg_trans","H_avg_trans","O_avg_trans","E_avg_trans"
"C_emp",1,0.401,0.4,0.019,-0.019,0.151,1,0.631,0.517,0.53,0.353,-0.103,1,0.966,0.967,0.956,0.955,0.955,1,0.651,0.575,0.502,0.306,0.599,1,0.895,0.875,0.869,0.86,0.352,1,0.876,0.508,0.514,-0.167,0.336,1,0.612,0.357,0.545,0.175,0.1,1,0.801,0.697,0.665,0.742,0.517
"E_emp",0.401,1,-0.25,0.027,0.103,0.271,0.631,1,0.43,0.573,0.57,-0.021,0.966,1,0.979,0.958,0.944,0.951,0.651,1,0.542,0.577,0.346,0.575,0.895,1,0.899,0.87,0.805,0.482,0.876,1,0.68,0.571,-0.011,0.527,0.612,1,0.22,0.341,0.316,0.308,0.801,1,0.649,0.67,0.685,0.701
"X_emp",0.4,-0.25,1,-0.081,0.091,-0.094,0.517,0.43,1,0.292,0.187,0.447,0.967,0.979,1,0.957,0.93,0.961,0.575,0.542,1,0.341,0.751,0.157,0.875,0.899,1,0.79,0.804,0.459,0.508,0.68,1,0.731,0.447,0.534,0.357,0.22,1,0.352,0.51,-0.24,0.697,0.649,1,0.684,0.792,0.475
"A_emp",0.019,0.027,-0.081,1,0.164,-0.312,0.53,0.573,0.292,1,0.678,0.06,0.956,0.958,0.957,1,0.935,0.936,0.502,0.577,0.341,1,0.015,0.672,0.869,0.87,0.79,1,0.714,0.504,0.514,0.571,0.731,1,0.389,-0.027,0.545,0.341,0.352,1,0.151,-0.239,0.665,0.67,0.684,1,0.52,0.767
"O_emp",-0.019,0.103,0.091,0.164,1,-0.406,0.353,0.57,0.187,0.678,1,0.106,0.955,0.944,0.93,0.935,1,0.912,0.306,0.346,0.751,0.015,1,-0.152,0.86,0.805,0.804,0.714,1,0.057,-0.167,-0.011,0.447,0.389,1,0.024,0.175,0.316,0.51,0.151,1,-0.085,0.742,0.685,0.792,0.52,1,0.327
"H_emp",0.151,0.271,-0.094,-0.312,-0.406,1,-0.103,-0.021,0.447,0.06,0.106,1,0.955,0.951,0.961,0.936,0.912,1,0.599,0.575,0.157,0.672,-0.152,1,0.352,0.482,0.459,0.504,0.057,1,0.336,0.527,0.534,-0.027,0.024,1,0.1,0.308,-0.24,-0.239,-0.085,1,0.517,0.701,0.475,0.767,0.327,1
