Fear,Depe,Expr,Gent,Prud,Crea,Sent,Gree,Live,Flex,Soci,Sinc,Anxi,Pati,Perf,Fair,Inqu,SocB,Mode,AesA,Forg,Unco,Orga,Dili
1.0,0.71911377,0.61602175,0.65517515,0.691583,0.5247066,0.6503968,0.70099723,0.44181305,0.6764612,0.5845859,0.6200901,0.6600507,0.6381172,0.46644565,0.7128985,0.51704603,0.6778781,0.66373193,0.50859225,0.69483083,0.74885285,0.447618,0.550999
0.71911377,1.0,0.7916938,0.7176502,0.74785745,0.6235656,0.74562216,0.7475424,0.5650879,0.7779622,0.74329805,0.8166451,0.6767893,0.6566772,0.64730394,0.6758574,0.56471324,0.8100422,0.7206524,0.59837836,0.731634,0.78050864,0.5897844,0.6527412
0.61602175,0.7916938,1.0,0.6856217,0.7741163,0.7364164,0.6498077,0.7134087,0.72073716,0.7448429,0.85144603,0.85830927,0.64663386,0.6902435,0.69757944,0.6290501,0.719087,0.8963003,0.74442947,0.6221547,0.61819774,0.7694936,0.69020975,0.68963957
0.65517515,0.7176502,0.6856217,1.0,0.73307836,0.48451263,0.7498962,0.6750297,0.48843175,0.83497036,0.6080563,0.6771696,0.75717175,0.8280998,0.6046228,0.6835252,0.46841276,0.7191851,0.7736686,0.55338335,0.8640152,0.77265894,0.580637,0.62014383
0.691583,0.74785745,0.7741163,0.73307836,1.0,0.70654935,0.6637974,0.70508915,0.572713,0.7901561,0.7256892,0.7977603,0.7566339,0.713606,0.6989904,0.77518487,0.6078506,0.7520746,0.72026956,0.5529076,0.70400083,0.76429975,0.70394665,0.74117666
0.5247066,0.6235656,0.7364164,0.48451263,0.70654935,1.0,0.4417178,0.5825745,0.6149133,0.59636736,0.73097587,0.7276875,0.4631968,0.42986915,0.6958264,0.47705385,0.8198249,0.6940787,0.5985539,0.5829873,0.3877154,0.6389837,0.6207598,0.5721886
0.6503968,0.74562216,0.6498077,0.7498962,0.6637974,0.4417178,1.0,0.6270049,0.38724914,0.6999668,0.6115281,0.6309494,0.80721235,0.7518373,0.48069263,0.5756501,0.44702423,0.6891917,0.63432604,0.6664467,0.7740071,0.71391153,0.4566151,0.530545
0.70099723,0.7475424,0.7134087,0.6750297,0.70508915,0.5825745,0.6270049,1.0,0.56867576,0.70075065,0.6982473,0.7667011,0.6657157,0.64896584,0.64487433,0.7284094,0.6024759,0.7836849,0.79108274,0.61540335,0.6158355,0.75796235,0.6233461,0.6821846
0.44181305,0.5650879,0.72073716,0.48843175,0.572713,0.6149133,0.38724914,0.56867576,1.0,0.4953525,0.66362214,0.64893353,0.45591515,0.553102,0.5654938,0.4271411,0.6110451,0.66772574,0.6258826,0.4490595,0.34253436,0.5416573,0.630828,0.6542939
0.6764612,0.7779622,0.7448429,0.83497036,0.7901561,0.59636736,0.6999668,0.70075065,0.4953525,1.0,0.73040724,0.75443745,0.71280867,0.80130047,0.6585866,0.70728034,0.5454148,0.78689003,0.72722274,0.6168895,0.8271992,0.8131796,0.5924233,0.73406214
0.5845859,0.74329805,0.85144603,0.6080563,0.7256892,0.73097587,0.6115281,0.6982473,0.66362214,0.73040724,1.0,0.8281125,0.5597645,0.626917,0.657492,0.5894449,0.7653855,0.8542751,0.6806648,0.6509387,0.5863873,0.75789326,0.6769649,0.6894562
0.6200901,0.8166451,0.85830927,0.6771696,0.7977603,0.7276875,0.6309494,0.7667011,0.64893353,0.75443745,0.8281125,1.0,0.5988369,0.60745895,0.69447875,0.7062088,0.6530026,0.86159647,0.8150282,0.5354717,0.6446115,0.76880145,0.64670587,0.7061716
0.6600507,0.6767893,0.64663386,0.75717175,0.7566339,0.4631968,0.80721235,0.6657157,0.45591515,0.71280867,0.5597645,0.5988369,1.0,0.8244692,0.54525054,0.6200025,0.46765304,0.70542467,0.67827356,0.56286794,0.72762626,0.7272399,0.591342,0.63454646
0.6381172,0.6566772,0.6902435,0.8280998,0.713606,0.42986915,0.7518373,0.64896584,0.553102,0.80130047,0.626917,0.60745895,0.8244692,1.0,0.51679957,0.6188823,0.45304418,0.70599043,0.6795978,0.5428357,0.7967631,0.7213187,0.5954612,0.6450715
0.46644565,0.64730394,0.69757944,0.6046228,0.6989904,0.6958264,0.48069263,0.64487433,0.5654938,0.6585866,0.657492,0.69447875,0.54525054,0.51679957,1.0,0.5542735,0.6532197,0.68769485,0.5893,0.57591426,0.45820633,0.58370763,0.7214686,0.730919
0.7128985,0.6758574,0.6290501,0.6835252,0.77518487,0.47705385,0.5756501,0.7284094,0.4271411,0.70728034,0.5894449,0.7062088,0.6200025,0.6188823,0.5542735,1.0,0.4254382,0.6404604,0.6660229,0.41496354,0.72699547,0.67087805,0.569852,0.6352415
0.51704603,0.56471324,0.719087,0.46841276,0.6078507,0.81982493,0.44702417,0.6024759,0.6110451,0.5454148,0.7653856,0.6530026,0.46765307,0.4530442,0.65321976,0.42543823,1.0,0.72716343,0.57076085,0.6820284,0.3603417,0.656126,0.6091416,0.54228294
0.67787814,0.81004196,0.8963003,0.7191851,0.7520745,0.69407856,0.6891918,0.7836851,0.6677257,0.78688985,0.8542751,0.8615966,0.70542467,0.70599043,0.6876949,0.64046025,0.72716343,1.0,0.80481714,0.6484971,0.6547883,0.84484416,0.6901665,0.717045
0.6637319,0.7206523,0.7444295,0.77366847,0.7202696,0.598554,0.63432616,0.7910827,0.6258826,0.727223,0.6806648,0.8150283,0.6782736,0.67959774,0.5892998,0.66602284,0.57076085,0.80481714,1.0,0.5256659,0.6876666,0.8281827,0.59532964,0.685321
0.50859225,0.5983783,0.62215465,0.55338335,0.5529076,0.58298737,0.6664466,0.6154032,0.44905946,0.6168894,0.65093875,0.53547156,0.5628679,0.5428357,0.5759143,0.4149636,0.6820284,0.6484971,0.5256659,1.0,0.49720287,0.6358352,0.5175571,0.5279447
0.6948309,0.731634,0.61819774,0.86401546,0.7040008,0.38771534,0.7740071,0.6158356,0.34253436,0.8271992,0.5863873,0.64461136,0.7276263,0.79676336,0.4582064,0.72699535,0.3603417,0.6547883,0.6876666,0.49720287,1.0,0.7336131,0.46705166,0.5572793
0.748853,0.78050864,0.7694934,0.7726589,0.76429975,0.63898385,0.71391153,0.75796235,0.5416573,0.81317973,0.75789315,0.76880145,0.7272399,0.7213187,0.58370745,0.67087805,0.656126,0.84484416,0.8281827,0.6358352,0.7336131,1.0,0.61258876,0.626186
0.44761807,0.5897844,0.69020987,0.5806371,0.70394665,0.6207599,0.45661512,0.6233459,0.630828,0.5924234,0.6769652,0.64670587,0.59134203,0.59546137,0.72146857,0.5698519,0.6091416,0.6901665,0.59532964,0.5175571,0.46705166,0.61258876,1.0,0.7012615
0.55099905,0.6527411,0.6896397,0.62014383,0.7411767,0.57218856,0.5305449,0.6821847,0.6542939,0.7340621,0.6894564,0.70617163,0.6345463,0.6450715,0.73091894,0.6352414,0.54228294,0.717045,0.685321,0.5279447,0.5572793,0.626186,0.7012615,1.0
